0
8
10
18
20
28
30
38
40
48
50
58
60
68
70
78
80
88
100
108
110
118
120
128
130
138
140
148
150
158
160
168
170
178
180
188
200
208
210
218
220
228
230
238
240
248
250
258
260
268
270
278
280
288
300
308
310
318
320
328
330
338
340
348
350
358
360
368
370
378
380
388
400
408
410
418
420
428
430
438
440
448
450
458
460
468
470
478
480
488
500
508
510
518
520
528
530
538
540
548
550
558
560
568
570
578
580
588
600
608
610
618
620
628
630
638
640
648
650
658
660
668
670
678
680
688
700
708
710
718
720
728
730
738
740
748
750
758
760
768
770
778
780
788
800
808
810
818
820
828
830
838
840
848
850
858
860
868
870
878
880
888
1000
1008
1010
1018
1020
1028
1030
1038
1040
1048
1050
1058
1060
1068
1070
1078
1080
1088
1100
1108
1110
1118
1120
1128
1130
1138
1140
1148
1150
1158
1160
1168
1170
1178
1180
1188
1200
1208
