0
7
10
17
20
27
30
37
40
47
50
57
60
67
70
77
100
107
110
117
120
127
130
137
140
147
150
157
160
167
170
177
200
207
210
217
220
227
230
237
240
247
250
257
260
267
270
277
300
307
310
317
320
327
330
337
340
347
350
357
360
367
370
377
400
407
410
417
420
427
430
437
440
447
450
457
460
467
470
477
500
507
510
517
520
527
530
537
540
547
550
557
560
567
570
577
600
607
610
617
620
627
630
637
640
647
650
657
660
667
670
677
700
707
710
717
720
727
730
737
740
747
750
757
760
767
770
777
1000
1007
1010
1017
1020
1027
1030
1037
1040
1047
1050
1057
1060
1067
1070
1077
1100
1107
1110
1117
1120
1127
1130
1137
1140
1147
1150
1157
1160
1167
1170
1177
1200
1207
1210
1217
1220
1227
1230
1237
1240
1247
1250
1257
1260
1267
1270
1277
1300
1307
1310
1317
1320
1327
1330
1337
1340
1347
1350
1357
1360
1367
1370
1377
1400
1407
1410
1417
1420
1427
1430
1437
